  1P_0 0.10000 0.80000   1.00000   1.00000 1.00000 1.00000 67
  1P_1 0.14000 0.80000   1.00000   1.00000 1.00000 1.00000 67
  1P_2 0.18000 0.80000   1.00000   1.00000 1.00000 1.00000 67
  1P_3 0.22000 0.80000   1.00000   1.00000 1.00000 1.00000 67
  1P_4 0.26000 0.80000   1.00000   1.00000 1.00000 1.00000 67
  1P_5 0.30000 0.80000   1.00000   1.00000 1.00000 1.00000 67
  1P_6 0.34000 0.80000   1.00000   1.00000 1.00000 1.00000 67
  1P_7 0.38000 0.80000   1.00000   1.00000 1.00000 1.00000 67
  1P_8 0.42000 0.80000   1.00000   1.00000 1.00000 1.00000 67
  1P_9 0.46000 0.80000   1.00000   1.00000 1.00000 1.00000 67
 1P_10 0.50000 0.80000   1.00000   1.00000 1.00000 1.00000 67
 1P_11 0.30000 0.60000   1.00000   1.00000 1.00000 1.00000 67
 1P_12 0.30000 0.64000   1.00000   1.00000 1.00000 1.00000 67
 1P_13 0.30000 0.68000   1.00000   1.00000 1.00000 1.00000 67
 1P_14 0.30000 0.72000   1.00000   1.00000 1.00000 1.00000 67
 1P_15 0.30000 0.76000   1.00000   1.00000 1.00000 1.00000 67
 1P_16 0.30000 0.80000   1.00000   1.00000 1.00000 1.00000 67
 1P_17 0.30000 0.84000   1.00000   1.00000 1.00000 1.00000 67
 1P_18 0.30000 0.88000   1.00000   1.00000 1.00000 1.00000 67
 1P_19 0.30000 0.92000   1.00000   1.00000 1.00000 1.00000 67
 1P_20 0.30000 0.96000   1.00000   1.00000 1.00000 1.00000 67
 1P_21 0.30000 1.00000   1.00000   1.00000 1.00000 1.00000 67
 1P_22 0.30000 0.80000   0.25000   1.00000 1.00000 1.00000 67
 1P_23 0.30000 0.80000   0.32988   1.00000 1.00000 1.00000 67
 1P_24 0.30000 0.80000   0.43528   1.00000 1.00000 1.00000 67
 1P_25 0.30000 0.80000   0.57435   1.00000 1.00000 1.00000 67
 1P_26 0.30000 0.80000   0.75786   1.00000 1.00000 1.00000 67
 1P_27 0.30000 0.80000   1.00000   1.00000 1.00000 1.00000 67
 1P_28 0.30000 0.80000   1.31951   1.00000 1.00000 1.00000 67
 1P_29 0.30000 0.80000   1.74110   1.00000 1.00000 1.00000 67
 1P_30 0.30000 0.80000   2.29740   1.00000 1.00000 1.00000 67
 1P_31 0.30000 0.80000   3.03143   1.00000 1.00000 1.00000 67
 1P_32 0.30000 0.80000   4.00000   1.00000 1.00000 1.00000 67
 1P_33 0.30000 0.80000   1.00000   0.25000 1.00000 1.00000 67
 1P_34 0.30000 0.80000   1.00000   0.32988 1.00000 1.00000 67
 1P_35 0.30000 0.80000   1.00000   0.43528 1.00000 1.00000 67
 1P_36 0.30000 0.80000   1.00000   0.57435 1.00000 1.00000 67
 1P_37 0.30000 0.80000   1.00000   0.75786 1.00000 1.00000 67
 1P_38 0.30000 0.80000   1.00000   1.00000 1.00000 1.00000 67
 1P_39 0.30000 0.80000   1.00000   1.31951 1.00000 1.00000 67
 1P_40 0.30000 0.80000   1.00000   1.74110 1.00000 1.00000 67
 1P_41 0.30000 0.80000   1.00000   2.29740 1.00000 1.00000 67
 1P_42 0.30000 0.80000   1.00000   3.03143 1.00000 1.00000 67
 1P_43 0.30000 0.80000   1.00000   4.00000 1.00000 1.00000 67
 1P_44 0.30000 0.80000   1.00000   1.00000 0.50000 1.00000 67
 1P_45 0.30000 0.80000   1.00000   1.00000 0.57435 1.00000 67
 1P_46 0.30000 0.80000   1.00000   1.00000 0.65975 1.00000 67
 1P_47 0.30000 0.80000   1.00000   1.00000 0.75786 1.00000 67
 1P_48 0.30000 0.80000   1.00000   1.00000 0.87055 1.00000 67
 1P_49 0.30000 0.80000   1.00000   1.00000 1.00000 1.00000 67
 1P_50 0.30000 0.80000   1.00000   1.00000 1.14870 1.00000 67
 1P_51 0.30000 0.80000   1.00000   1.00000 1.31951 1.00000 67
 1P_52 0.30000 0.80000   1.00000   1.00000 1.51572 1.00000 67
 1P_53 0.30000 0.80000   1.00000   1.00000 1.74110 1.00000 67
 1P_54 0.30000 0.80000   1.00000   1.00000 2.00000 1.00000 67
 1P_55 0.30000 0.80000   1.00000   1.00000 1.00000 0.50000 67
 1P_56 0.30000 0.80000   1.00000   1.00000 1.00000 0.57435 67
 1P_57 0.30000 0.80000   1.00000   1.00000 1.00000 0.65975 67
 1P_58 0.30000 0.80000   1.00000   1.00000 1.00000 0.75786 67
 1P_59 0.30000 0.80000   1.00000   1.00000 1.00000 0.87055 67
 1P_60 0.30000 0.80000   1.00000   1.00000 1.00000 1.00000 67
 1P_61 0.30000 0.80000   1.00000   1.00000 1.00000 1.14870 67
 1P_62 0.30000 0.80000   1.00000   1.00000 1.00000 1.31951 67
 1P_63 0.30000 0.80000   1.00000   1.00000 1.00000 1.51572 67
 1P_64 0.30000 0.80000   1.00000   1.00000 1.00000 1.74110 67
 1P_65 0.30000 0.80000   1.00000   1.00000 1.00000 2.00000 67

